            ADANIENT  ADANIPORTS  APOLLOHOSP  ASIANPAINT  AXISBANK  BAJAJ-AUTO  BAJAJFINSV  BAJFINANCE  BHARTIARTL      BPCL  BRITANNIA     CIPLA  COALINDIA  DIVISLAB   DRREDDY  EICHERMOT    GRASIM   HCLTECH      HDFC  HDFCBANK  HDFCLIFE  HEROMOTOCO  HINDALCO  HINDUNILVR  ICICIBANK  INDUSINDBK      INFY       ITC  JSWSTEEL  KOTAKBANK        LT       M&M    MARUTI  NESTLEIND      NTPC      ONGC  POWERGRID  RELIANCE   SBILIFE      SBIN  SUNPHARMA  TATACONSUM  TATAMOTORS  TATASTEEL       TCS     TECHM     TITAN  ULTRACEMCO       UPL     WIPRO
ADANIENT    1.000000  0.848810    0.788762    0.793363    0.748140  0.579732   -0.038578    0.755426    0.863267   -0.434187  0.513993   0.854798  0.802544   0.388081  0.110187 -0.489905   0.820896  0.635039  0.552659  0.659978 -0.097871  0.071002    0.754349  0.702240    0.878338   0.649731    0.682670  0.713599  0.799667  0.596612   0.812949  0.881178  0.811073  0.686059   0.860753  0.729804  0.697031   0.779705  0.871082  0.887088  0.898890   0.801988    0.787677   -0.113141   0.659607  0.475562  0.865169  0.675614    0.758454  0.390841
ADANIPORTS  0.848810  1.000000    0.881586    0.923984    0.793074  0.774990    0.316872    0.903620    0.748407   -0.072324  0.381098   0.889180  0.579123   0.698212  0.336777 -0.662800   0.943287  0.814010  0.737348  0.811776  0.260193  0.230205    0.903732  0.638758    0.866640   0.722464    0.865941  0.525167  0.918326  0.762704   0.802588  0.751563  0.720642  0.608407   0.723430  0.797589  0.777991   0.816585  0.837347  0.883362  0.840433   0.930898    0.867258    0.303313   0.868067  0.719008  0.843503  0.860972    0.894744  0.716183
APOLLOHOSP  0.788762  0.881586    1.000000    0.936403    0.784744  0.680246    0.301141    0.930114    0.831057   -0.169814  0.510200   0.852748  0.597417   0.715626  0.322634 -0.666592   0.954610  0.918248  0.786653  0.835915  0.166456  0.069462    0.937475  0.624267    0.898468   0.669928    0.915083  0.587616  0.915966  0.756464   0.893127  0.757285  0.744386  0.731534   0.778608  0.879585  0.678643   0.833778  0.888971  0.904238  0.894766   0.941789    0.923651    0.284304   0.922811  0.858020  0.931632  0.928523    0.863726  0.776938
ASIANPAINT  0.793363  0.923984    0.936403    1.000000    0.748206  0.722947    0.381915    0.949903    0.738504   -0.126748  0.427749   0.882868  0.543461   0.778432  0.397666 -0.720699   0.940754  0.889293  0.764439  0.817356  0.242157  0.184235    0.913306  0.675064    0.868113   0.676237    0.917071  0.510883  0.913947  0.804396   0.823051  0.729346  0.756280  0.719153   0.714116  0.808209  0.675653   0.827536  0.873581  0.865364  0.849906   0.955617    0.884280    0.320252   0.919948  0.831341  0.894740  0.890602    0.871434  0.794863
AXISBANK    0.748140  0.793074    0.784744    0.748206    1.000000  0.796087   -0.007996    0.821110    0.752219   -0.017278  0.577840   0.678066  0.746938   0.399904  0.154469 -0.511034   0.858723  0.721320  0.882017  0.910265  0.128349  0.141024    0.787773  0.644054    0.913159   0.925915    0.676179  0.736861  0.846215  0.792592   0.912056  0.805768  0.794169  0.634049   0.815181  0.786850  0.776538   0.620708  0.795970  0.911156  0.810771   0.768370    0.798080    0.026153   0.718204  0.568864  0.821106  0.839544    0.790833  0.473955
BAJAJ-AUTO  0.579732  0.774990    0.680246    0.722947    0.796087  1.000000    0.149169    0.730116    0.560285    0.122625  0.563936   0.706112  0.529402   0.516264  0.472680 -0.601304   0.794387  0.701204  0.779072  0.855476  0.339501  0.454004    0.711638  0.567092    0.767779   0.753641    0.641506  0.608452  0.801250  0.724260   0.750202  0.724756  0.725556  0.568510   0.633741  0.675767  0.789419   0.664520  0.663432  0.746190  0.705100   0.786407    0.750831    0.174813   0.730239  0.493231  0.662987  0.794943    0.783323  0.534462
BAJAJFINSV -0.038578  0.316872    0.301141    0.381915   -0.007996  0.149169    1.000000    0.426339   -0.067695    0.424127 -0.417526   0.137759 -0.284231   0.693852  0.133963 -0.240276   0.251552  0.350834  0.226083  0.135113  0.544605  0.119376    0.398553 -0.082913    0.032454   0.076611    0.497589 -0.438636  0.228945  0.309299  -0.004157 -0.206473 -0.083662 -0.112931  -0.155547  0.244290 -0.009778   0.222337  0.220840  0.082049 -0.009417   0.327136    0.244931    0.823112   0.452714  0.628640  0.107542  0.280805    0.342093  0.706522
BAJFINANCE  0.755426  0.903620    0.930114    0.949903    0.821110  0.730116    0.426339    1.000000    0.747527   -0.018883  0.408218   0.810180  0.572210   0.756939  0.282422 -0.643222   0.933485  0.873371  0.834566  0.858085  0.300679  0.176646    0.921687  0.640217    0.877079   0.797002    0.902306  0.508699  0.889532  0.866653   0.840550  0.714509  0.750912  0.643508   0.714738  0.831985  0.671450   0.789959  0.901997  0.882545  0.818999   0.934687    0.878891    0.347271   0.900457  0.851482  0.886545  0.893729    0.859148  0.790139
BHARTIARTL  0.863267  0.748407    0.831057    0.738504    0.752219  0.560285   -0.067695    0.747527    1.000000   -0.448614  0.605570   0.758120  0.849785   0.323742  0.012053 -0.352353   0.815876  0.677487  0.604181  0.674703 -0.195778 -0.127359    0.769307  0.624801    0.900287   0.614100    0.652103  0.814471  0.754725  0.599648   0.898021  0.846020  0.790998  0.790229   0.926188  0.868620  0.675000   0.761893  0.872202  0.895686  0.931460   0.760325    0.838998   -0.109493   0.668371  0.552194  0.920742  0.717773    0.712583  0.390268
BPCL       -0.434187 -0.072324   -0.169814   -0.126748   -0.017278  0.122625    0.424127   -0.018883   -0.448614    1.000000 -0.237184  -0.256183 -0.502295   0.278184  0.220006  0.097277  -0.107785 -0.019106  0.206893  0.061278  0.729068  0.288370   -0.052047 -0.151499   -0.276644   0.107414   -0.013800 -0.494888 -0.055652  0.024669  -0.253673 -0.447948 -0.391026 -0.348795  -0.464758 -0.220894 -0.183783  -0.289072 -0.216842 -0.240844 -0.396082  -0.094971   -0.239393    0.561831  -0.006259  0.103897 -0.378893  0.071146    0.050528  0.283104
BRITANNIA   0.513993  0.381098    0.510200    0.427749    0.577840  0.563936   -0.417526    0.408218    0.605570   -0.237184  1.000000   0.557765  0.589828   0.099766  0.376776 -0.357694   0.520862  0.518098  0.522404  0.634913 -0.029621  0.279985    0.404625  0.651242    0.622349   0.464504    0.330701  0.772786  0.519779  0.384409   0.663679  0.749629  0.665576  0.713716   0.660831  0.445620  0.479304   0.565972  0.558292  0.559297  0.669463   0.537019    0.488871   -0.385575   0.420355  0.191401  0.567922  0.554927    0.417912  0.115762
CIPLA       0.854798  0.889180    0.852748    0.882868    0.678066  0.706112    0.137759    0.810180    0.758120   -0.256183  0.557765   1.000000  0.543625   0.673849  0.538797 -0.727182   0.875230  0.835489  0.614168  0.750988  0.201429  0.362238    0.829169  0.640128    0.804644   0.546807    0.853779  0.548892  0.871739  0.652224   0.749885  0.810503  0.785037  0.671301   0.707462  0.697218  0.684550   0.897505  0.811497  0.796625  0.879365   0.918864    0.799968    0.165050   0.846060  0.647064  0.825064  0.786331    0.810710  0.652640
COALINDIA   0.802544  0.579123    0.597417    0.543461    0.746938  0.529402   -0.284231    0.572210    0.849785   -0.502295  0.589828   0.543625  1.000000  -0.009924 -0.190304 -0.184477   0.638189  0.399692  0.500676  0.563169 -0.403900 -0.177973    0.548625  0.629697    0.836148   0.682499    0.358911  0.922774  0.596367  0.504122   0.820904  0.850053  0.784408  0.702361   0.941712  0.715605  0.672851   0.561354  0.762863  0.819990  0.806393   0.557266    0.676889   -0.422108   0.386502  0.221183  0.786730  0.518274    0.562870  0.042846
DIVISLAB    0.388081  0.698212    0.715626    0.778432    0.399904  0.516264    0.693852    0.756939    0.323742    0.278184  0.099766   0.673849 -0.009924   1.000000  0.589690 -0.702064   0.687539  0.794310  0.597614  0.601660  0.624607  0.336379    0.742435  0.340806    0.456164   0.373153    0.848054 -0.030288  0.704632  0.617511   0.413969  0.271684  0.321093  0.358931   0.216269  0.497193  0.296596   0.623779  0.533521  0.477273  0.469010   0.783341    0.577938    0.756639   0.822313  0.843958  0.511962  0.723340    0.674194  0.947402
DRREDDY     0.110187  0.336777    0.322634    0.397666    0.154469  0.472680    0.133963    0.282422    0.012053    0.220006  0.376776   0.538797 -0.190304   0.589690  1.000000 -0.634644   0.346921  0.537204  0.350762  0.444714  0.559468  0.645479    0.296150  0.226858    0.165816   0.087737    0.452282  0.004435  0.422689  0.318249   0.158636  0.220035  0.226702  0.278814  -0.002576  0.076775  0.249491   0.437551  0.140824  0.125995  0.234643   0.453662    0.231531    0.325372   0.484181  0.348105  0.172133  0.424112    0.321515  0.522936
EICHERMOT  -0.489905 -0.662800   -0.666592   -0.720699   -0.511034 -0.601304   -0.240276   -0.643222   -0.352353    0.097277 -0.357694  -0.727182 -0.184477  -0.702064 -0.634644  1.000000  -0.679359 -0.764738 -0.561621 -0.694985 -0.320391 -0.501398   -0.651773 -0.377756   -0.559825  -0.408479   -0.735210 -0.268676 -0.691006 -0.601692  -0.517464 -0.540243 -0.566656 -0.402071  -0.390014 -0.472978 -0.508191  -0.696231 -0.454633 -0.545314 -0.573861  -0.761065   -0.632656   -0.314258  -0.766547 -0.621600 -0.578102 -0.662363   -0.590468 -0.654021
GRASIM      0.820896  0.943287    0.954610    0.940754    0.858723  0.794387    0.251552    0.933485    0.815876   -0.107785  0.520862   0.875230  0.638189   0.687539  0.346921 -0.679359   1.000000  0.893141  0.823140  0.888663  0.195458  0.142017    0.946689  0.660843    0.934762   0.758468    0.896239  0.636249  0.963804  0.793807   0.916110  0.804940  0.783984  0.712649   0.808973  0.887424  0.778889   0.827700  0.882696  0.945478  0.906282   0.951637    0.944012    0.257073   0.911491  0.790687  0.926345  0.953901    0.918789  0.741779
HCLTECH     0.635039  0.814010    0.918248    0.889293    0.721320  0.701204    0.350834    0.873371    0.677487   -0.019106  0.518098   0.835489  0.399692   0.794310  0.537204 -0.764738   0.893141  1.000000  0.802909  0.859351  0.376036  0.282801    0.902949  0.537607    0.777640   0.601417    0.943280  0.445008  0.869189  0.756818   0.790423  0.659176  0.681889  0.640927   0.624758  0.785121  0.602177   0.836542  0.768908  0.777989  0.805123   0.910342    0.842099    0.419707   0.969887  0.894213  0.822373  0.914274    0.815431  0.856141
HDFC        0.552659  0.737348    0.786653    0.764439    0.882017  0.779072    0.226083    0.834566    0.604181    0.206893  0.522404   0.614168  0.500676   0.597614  0.350762 -0.561621   0.823140  0.802909  1.000000  0.950042  0.439550  0.238595    0.762790  0.630639    0.807105   0.856438    0.727548  0.534699  0.795753  0.886261   0.822329  0.639849  0.627544  0.639630   0.619910  0.711382  0.630603   0.560178  0.718757  0.790456  0.674743   0.770941    0.757390    0.251904   0.778362  0.709176  0.724003  0.896563    0.730457  0.667330
HDFCBANK    0.659978  0.811776    0.835915    0.817356    0.910265  0.855476    0.135113    0.858085    0.674703    0.061278  0.634913   0.750988  0.563169   0.601660  0.444714 -0.694985   0.888663  0.859351  0.950042  1.000000  0.359472  0.342110    0.821504  0.644831    0.865878   0.844038    0.780600  0.632353  0.868666  0.876326   0.873399  0.774064  0.754195  0.681435   0.708402  0.753584  0.749213   0.705018  0.753730  0.848916  0.785506   0.853479    0.823404    0.180073   0.840009  0.686101  0.797397  0.921469    0.780491  0.649150
HDFCLIFE   -0.097871  0.260193    0.166456    0.242157    0.128349  0.339501    0.544605    0.300679   -0.195778    0.729068 -0.029621   0.201429 -0.403900   0.624607  0.559468 -0.320391   0.195458  0.376036  0.439550  0.359472  1.000000  0.644660    0.197091  0.112867   -0.021314   0.231410    0.360882 -0.373232  0.193519  0.401305  -0.037019 -0.101549 -0.065844 -0.063557  -0.269929 -0.040000  0.016262   0.133161  0.085850 -0.012081 -0.093144   0.284643    0.067889    0.624048   0.378697  0.394252 -0.074997  0.333925    0.233293  0.584469
HEROMOTOCO  0.071002  0.230205    0.069462    0.184235    0.141024  0.454004    0.119376    0.176646   -0.127359    0.288370  0.279985   0.362238 -0.177973   0.336379  0.645479 -0.501398   0.142017  0.282801  0.238595  0.342110  0.644660  1.000000    0.107872  0.078723    0.048846   0.194771    0.229867 -0.086284  0.151259  0.289803   0.006604  0.211763  0.290896 -0.030785  -0.094833 -0.086419  0.170910   0.328968  0.084132  0.017936  0.061620   0.277947    0.083237    0.139688   0.272557  0.080078 -0.021048  0.164314    0.163499  0.230346
HINDALCO    0.754349  0.903732    0.937475    0.913306    0.787773  0.711638    0.398553    0.921687    0.769307   -0.052047  0.404625   0.829169  0.548625   0.742435  0.296150 -0.651773   0.946689  0.902949  0.762790  0.821504  0.197091  0.107872    1.000000  0.527827    0.854777   0.672498    0.933610  0.499502  0.932711  0.734111   0.848743  0.682899  0.695214  0.602422   0.727861  0.896170  0.683303   0.814583  0.843797  0.885574  0.865118   0.920375    0.900984    0.411761   0.929049  0.855835  0.881674  0.906482    0.901933  0.807913
HINDUNILVR  0.702240  0.638758    0.624267    0.675064    0.644054  0.567092   -0.082913    0.640217    0.624801   -0.151499  0.651242   0.640128  0.629697   0.340806  0.226858 -0.377756   0.660843  0.537607  0.630639  0.644831  0.112867  0.078723    0.527827  1.000000    0.719922   0.589241    0.491518  0.638898  0.649576  0.556508   0.672984  0.710994  0.579288  0.757098   0.669036  0.469833  0.481838   0.493978  0.710881  0.675664  0.684611   0.677925    0.548095   -0.164535   0.532186  0.340358  0.641685  0.662181    0.569881  0.325194
ICICIBANK   0.878338  0.866640    0.898468    0.868113    0.913159  0.767779    0.032454    0.877079    0.900287   -0.276644  0.622349   0.804644  0.836148   0.456164  0.165816 -0.559825   0.934762  0.777640  0.807105  0.865878 -0.021314  0.048846    0.854777  0.719922    1.000000   0.821010    0.754540  0.823220  0.894443  0.782979   0.977547  0.912535  0.879437  0.792140   0.933788  0.890268  0.799146   0.779538  0.916510  0.985726  0.945741   0.874063    0.928255   -0.019083   0.778491  0.639709  0.957833  0.872468    0.843650  0.519146
INDUSINDBK  0.649731  0.722464    0.669928    0.676237    0.925915  0.753641    0.076611    0.797002    0.614100    0.107414  0.464504   0.546807  0.682499   0.373153  0.087737 -0.408479   0.758468  0.601417  0.856438  0.844038  0.231410  0.194771    0.672498  0.589241    0.821010   1.000000    0.565112  0.638283  0.726424  0.819456   0.799699  0.711497  0.719676  0.504169   0.708371  0.670232  0.692253   0.519426  0.747088  0.812854  0.660849   0.686254    0.695578    0.035792   0.590284  0.501406  0.712500  0.738971    0.706041  0.421652
INFY        0.682670  0.865941    0.915083    0.917071    0.676179  0.641506    0.497589    0.902306    0.652103   -0.013800  0.330701   0.853779  0.358911   0.848054  0.452282 -0.735210   0.896239  0.943280  0.727548  0.780600  0.360882  0.229867    0.933610  0.491518    0.754540   0.565112    1.000000  0.330030  0.879534  0.715039   0.735311  0.608372  0.641668  0.524003   0.579231  0.780205  0.589821   0.817724  0.791144  0.779439  0.782272   0.915550    0.842121    0.510502   0.969450  0.921208  0.803252  0.876678    0.860731  0.901994
ITC         0.713599  0.525167    0.587616    0.510883    0.736861  0.608452   -0.438636    0.508699    0.814471   -0.494888  0.772786   0.548892  0.922774  -0.030288  0.004435 -0.268676   0.636249  0.445008  0.534699  0.632353 -0.373232 -0.086284    0.499502  0.638898    0.823220   0.638283    0.330030  1.000000  0.606478  0.483308   0.841229  0.886771  0.792544  0.763586   0.913730  0.673267  0.708373   0.557883  0.681758  0.778619  0.811522   0.557067    0.670480   -0.483057   0.399270  0.189542  0.761949  0.568991    0.521970  0.023217
JSWSTEEL    0.799667  0.918326    0.915966    0.913947    0.846215  0.801250    0.228945    0.889532    0.754725   -0.055652  0.519779   0.871739  0.596367   0.704632  0.422689 -0.691006   0.963804  0.869189  0.795753  0.868666  0.193519  0.151259    0.932711  0.649576    0.894443   0.726424    0.879534  0.606478  1.000000  0.732605   0.870830  0.770432  0.732002  0.673017   0.764515  0.834795  0.746820   0.799471  0.837592  0.904765  0.889177   0.938084    0.875417    0.291474   0.888008  0.746310  0.867636  0.932729    0.922352  0.739601
KOTAKBANK   0.596612  0.762704    0.756464    0.804396    0.792592  0.724260    0.309299    0.866653    0.599648    0.024669  0.384409   0.652224  0.504122   0.617511  0.318249 -0.601692   0.793807  0.756818  0.886261  0.876326  0.401305  0.289803    0.734111  0.556508    0.782979   0.819456    0.715039  0.483308  0.732605  1.000000   0.749648  0.646812  0.696429  0.618942   0.611815  0.696257  0.682882   0.640369  0.722994  0.760372  0.650447   0.770997    0.767647    0.245841   0.755240  0.691422  0.756057  0.779382    0.656457  0.635050
LT          0.812949  0.802588    0.893127    0.823051    0.912056  0.750202   -0.004157    0.840550    0.898021   -0.253673  0.663679   0.749885  0.820904   0.413969  0.158636 -0.517464   0.916110  0.790423  0.822329  0.873399 -0.037019  0.006604    0.848743  0.672984    0.977547   0.799699    0.735311  0.841229  0.870830  0.749648   1.000000  0.883861  0.852446  0.800090   0.925300  0.903287  0.780007   0.732119  0.885777  0.967316  0.934115   0.830256    0.919773   -0.032714   0.772170  0.651627  0.946498  0.883366    0.816557  0.510143
M&M         0.881178  0.751563    0.757285    0.729346    0.805768  0.724756   -0.206473    0.714509    0.846020   -0.447948  0.749629   0.810503  0.850053   0.271684  0.220035 -0.540243   0.804940  0.659176  0.639849  0.774064 -0.101549  0.211763    0.682899  0.710994    0.912535   0.711497    0.608372  0.886771  0.770432  0.646812   0.883861  1.000000  0.930762  0.744987   0.914889  0.733702  0.790196   0.786341  0.836480  0.880678  0.915640   0.781042    0.818286   -0.277187   0.641720  0.403460  0.860459  0.713847    0.703390  0.294225
MARUTI      0.811073  0.720642    0.744386    0.756280    0.794169  0.725556   -0.083662    0.750912    0.790998   -0.391026  0.665576   0.785037  0.784408   0.321093  0.226702 -0.566656   0.783984  0.681889  0.627544  0.754195 -0.065844  0.290896    0.695214  0.579288    0.879437   0.719676    0.641668  0.792544  0.732002  0.696429   0.852446  0.930762  1.000000  0.686927   0.862495  0.755845  0.769185   0.801382  0.836656  0.848937  0.866982   0.768059    0.822502   -0.182529   0.672201  0.478484  0.860827  0.679069    0.699187  0.341890
NESTLEIND   0.686059  0.608407    0.731534    0.719153    0.634049  0.568510   -0.112931    0.643508    0.790229   -0.348795  0.713716   0.671301  0.702361   0.358931  0.278814 -0.402071   0.712649  0.640927  0.639630  0.681435 -0.063557 -0.030785    0.602422  0.757098    0.792140   0.504169    0.524003  0.763586  0.673017  0.618942   0.800090  0.744987  0.686927  1.000000   0.773586  0.649564  0.538473   0.623552  0.732674  0.735326  0.789733   0.694758    0.695328   -0.180023   0.592990  0.464497  0.799032  0.710600    0.569532  0.361001
NTPC        0.860753  0.723430    0.778608    0.714116    0.815181  0.633741   -0.155547    0.714738    0.926188   -0.464758  0.660831   0.707462  0.941712   0.216269 -0.002576 -0.390014   0.808973  0.624758  0.619910  0.708402 -0.269929 -0.094833    0.727861  0.669036    0.933788   0.708371    0.579231  0.913730  0.764515  0.611815   0.925300  0.914889  0.862495  0.773586   1.000000  0.859243  0.761807   0.731044  0.861219  0.921912  0.929928   0.741143    0.836475   -0.221687   0.612011  0.446277  0.906643  0.712267    0.730117  0.281070
ONGC        0.729804  0.797589    0.879585    0.808209    0.786850  0.675767    0.244290    0.831985    0.868620   -0.220894  0.445620   0.697218  0.715605   0.497193  0.076775 -0.472978   0.887424  0.785121  0.711382  0.753584 -0.040000 -0.086419    0.896170  0.469833    0.890268   0.670232    0.780205  0.673267  0.834795  0.696257   0.903287  0.733702  0.755845  0.649564   0.859243  1.000000  0.754012   0.772070  0.846508  0.918455  0.876431   0.814622    0.939419    0.222402   0.810043  0.743380  0.910403  0.820415    0.824371  0.608849
POWERGRID   0.697031  0.777991    0.678643    0.675653    0.776538  0.789419   -0.009778    0.671450    0.675000   -0.183783  0.479304   0.684550  0.672851   0.296596  0.249491 -0.508191   0.778889  0.602177  0.630603  0.749213  0.016262  0.170910    0.683303  0.481838    0.799146   0.692253    0.589821  0.708373  0.746820  0.682882   0.780007  0.790196  0.769185  0.538473   0.761807  0.754012  1.000000   0.680638  0.660595  0.804626  0.745470   0.700683    0.812993   -0.020317   0.643972  0.436817  0.754850  0.679985    0.722460  0.369179
RELIANCE    0.779705  0.816585    0.833778    0.827536    0.620708  0.664520    0.222337    0.789959    0.761893   -0.289072  0.565972   0.897505  0.561354   0.623779  0.437551 -0.696231   0.827700  0.836542  0.560178  0.705018  0.133161  0.328968    0.814583  0.493978    0.779538   0.519426    0.817724  0.557883  0.799471  0.640369   0.732119  0.786341  0.801382  0.623552   0.731044  0.772070  0.680638   1.000000  0.807594  0.780253  0.860317   0.893963    0.828654    0.179011   0.831482  0.675436  0.838419  0.730332    0.783233  0.618983
SBILIFE     0.871082  0.837347    0.888971    0.873581    0.795970  0.663432    0.220840    0.901997    0.872202   -0.216842  0.558292   0.811497  0.762863   0.533521  0.140824 -0.454633   0.882696  0.768908  0.718757  0.753730  0.085850  0.084132    0.843797  0.710881    0.916510   0.747088    0.791144  0.681758  0.837592  0.722994   0.885777  0.836480  0.836656  0.732674   0.861219  0.846508  0.660595   0.807594  1.000000  0.915238  0.900832   0.874526    0.868056    0.072811   0.780887  0.699779  0.910043  0.814240    0.850643  0.588659
SBIN        0.887088  0.883362    0.904238    0.865364    0.911156  0.746190    0.082049    0.882545    0.895686   -0.240844  0.559297   0.796625  0.819990   0.477273  0.125995 -0.545314   0.945478  0.777989  0.790456  0.848916 -0.012081  0.017936    0.885574  0.675664    0.985726   0.812854    0.779439  0.778619  0.904765  0.760372   0.967316  0.880678  0.848937  0.735326   0.921912  0.918455  0.804626   0.780253  0.915238  1.000000  0.938277   0.871792    0.938225    0.044601   0.793174  0.662117  0.950575  0.871727    0.871375  0.550510
SUNPHARMA   0.898890  0.840433    0.894766    0.849906    0.810771  0.705100   -0.009417    0.818999    0.931460   -0.396082  0.669463   0.879365  0.806393   0.469010  0.234643 -0.573861   0.906282  0.805123  0.674743  0.785506 -0.093144  0.061620    0.865118  0.684611    0.945741   0.660849    0.782272  0.811522  0.889177  0.650447   0.934115  0.915640  0.866982  0.789733   0.929928  0.876431  0.745470   0.860317  0.900832  0.938277  1.000000   0.884966    0.896596   -0.022206   0.796640  0.621739  0.949386  0.826146    0.829349  0.511963
TATACONSUM  0.801988  0.930898    0.941789    0.955617    0.768370  0.786407    0.327136    0.934687    0.760325   -0.094971  0.537019   0.918864  0.557266   0.783341  0.453662 -0.761065   0.951637  0.910342  0.770941  0.853479  0.284643  0.277947    0.920375  0.677925    0.874063   0.686254    0.915550  0.557067  0.938084  0.770997   0.830256  0.781042  0.768059  0.694758   0.741143  0.814622  0.700683   0.893963  0.874526  0.871792  0.884966   1.000000    0.887119    0.319245   0.930142  0.793688  0.877698  0.912437    0.894320  0.777905
TATAMOTORS  0.787677  0.867258    0.923651    0.884280    0.798080  0.750831    0.244931    0.878891    0.838998   -0.239393  0.488871   0.799968  0.676889   0.577938  0.231531 -0.632656   0.944012  0.842099  0.757390  0.823404  0.067889  0.083237    0.900984  0.548095    0.928255   0.695578    0.842121  0.670480  0.875417  0.767647   0.919773  0.818286  0.822502  0.695328   0.836475  0.939419  0.812993   0.828654  0.868056  0.938225  0.896596   0.887119    1.000000    0.179405   0.864404  0.772681  0.940469  0.875822    0.860095  0.667751
TATASTEEL  -0.113141  0.303313    0.284304    0.320252    0.026153  0.174813    0.823112    0.347271   -0.109493    0.561831 -0.385575   0.165050 -0.422108   0.756639  0.325372 -0.314258   0.257073  0.419707  0.251904  0.180073  0.624048  0.139688    0.411761 -0.164535   -0.019083   0.035792    0.510502 -0.483057  0.291474  0.245841  -0.032714 -0.277187 -0.182529 -0.180023  -0.221687  0.222402 -0.020317   0.179011  0.072811  0.044601 -0.022206   0.319245    0.179405    1.000000   0.484032  0.625109  0.035728  0.331209    0.355310  0.767350
TCS         0.659607  0.868067    0.922811    0.919948    0.718204  0.730239    0.452714    0.900457    0.668371   -0.006259  0.420355   0.846060  0.386502   0.822313  0.484181 -0.766547   0.911491  0.969887  0.778362  0.840009  0.378697  0.272557    0.929049  0.532186    0.778491   0.590284    0.969450  0.399270  0.888008  0.755240   0.772170  0.641720  0.672201  0.592990   0.612011  0.810043  0.643972   0.831482  0.780887  0.793174  0.796640   0.930142    0.864404    0.484032   1.000000  0.899877  0.814013  0.905732    0.856433  0.881330
TECHM       0.475562  0.719008    0.858020    0.831341    0.568864  0.493231    0.628640    0.851482    0.552194    0.103897  0.191401   0.647064  0.221183   0.843958  0.348105 -0.621600   0.790687  0.894213  0.709176  0.686101  0.394252  0.080078    0.855835  0.340358    0.639709   0.501406    0.921208  0.189542  0.746310  0.691422   0.651627  0.403460  0.478484  0.464497   0.446277  0.743380  0.436817   0.675436  0.699779  0.662117  0.621739   0.793688    0.772681    0.625109   0.899877  1.000000  0.726575  0.817312    0.754185  0.938806
TITAN       0.865169  0.843503    0.931632    0.894740    0.821106  0.662987    0.107542    0.886545    0.920742   -0.378893  0.567922   0.825064  0.786730   0.511962  0.172133 -0.578102   0.926345  0.822373  0.724003  0.797397 -0.074997 -0.021048    0.881674  0.641685    0.957833   0.712500    0.803252  0.761949  0.867636  0.756057   0.946498  0.860459  0.860827  0.799032   0.906643  0.910403  0.754850   0.838419  0.910043  0.950575  0.949386   0.877698    0.940469    0.035728   0.814013  0.726575  1.000000  0.838337    0.812465  0.574783
ULTRACEMCO  0.675614  0.860972    0.928523    0.890602    0.839544  0.794943    0.280805    0.893729    0.717773    0.071146  0.554927   0.786331  0.518274   0.723340  0.424112 -0.662363   0.953901  0.914274  0.896563  0.921469  0.333925  0.164314    0.906482  0.662181    0.872468   0.738971    0.876678  0.568991  0.932729  0.779382   0.883366  0.713847  0.679069  0.710600   0.712267  0.820415  0.679985   0.730332  0.814240  0.871727  0.826146   0.912437    0.875822    0.331209   0.905732  0.817312  0.838337  1.000000    0.883460  0.791014
UPL         0.758454  0.894744    0.863726    0.871434    0.790833  0.783323    0.342093    0.859148    0.712583    0.050528  0.417912   0.810710  0.562870   0.674194  0.321515 -0.590468   0.918789  0.815431  0.730457  0.780491  0.233293  0.163499    0.901933  0.569881    0.843650   0.706041    0.860731  0.521970  0.922352  0.656457   0.816557  0.703390  0.699187  0.569532   0.730117  0.824371  0.722460   0.783233  0.850643  0.871375  0.829349   0.894320    0.860095    0.355310   0.856433  0.754185  0.812465  0.883460    1.000000  0.738430
WIPRO       0.390841  0.716183    0.776938    0.794863    0.473955  0.534462    0.706522    0.790139    0.390268    0.283104  0.115762   0.652640  0.042846   0.947402  0.522936 -0.654021   0.741779  0.856141  0.667330  0.649150  0.584469  0.230346    0.807913  0.325194    0.519146   0.421652    0.901994  0.023217  0.739601  0.635050   0.510143  0.294225  0.341890  0.361001   0.281070  0.608849  0.369179   0.618983  0.588659  0.550510  0.511963   0.777905    0.667751    0.767350   0.881330  0.938806  0.574783  0.791014    0.738430  1.000000
